0
0
1
2
1
1
1
2
3
3
3
5
4
5
5
5
5
5
7
6
7
7
6
7
7
9
11
11
12
12
13
14
15
16
18
18
19
19
21
22
23
23
24
25
25
27
27
29
30
30
30
31
32
33
34
35
35
37
36
37
39
39
39
41
42
43
43
43
43
46
45
47
47
49
49
50
49
51
53
52
54
53
55
55
56
56
57
58
59
60
60
61
62
61
63
63
64
65
63
66
67
67
67
69
70
70
70
72
71
73
74
74
74
75
75
75
77
78
79
79
80
79
82
81
82
83
83
84
84
85
85
85
86
87
88
88
89
89
91
90
91
93
92
92
94
93
95
95
95
95
97
96
97
98
98
99
99
100
102
101
102
102
102
103
103
103
105
105
105
107
106
107
108
107
108
109
109
110
110
110
112
112
113
112
113
114
114
114
116
115
117
116
117
118
118
118
118
119
120
120
120
120
121
121
121
123
123
123
123
125
124
125
125
126
126
126
127
127
127
128
127
130
130
130
129
129
131
132
132
131
132
132
134
135
134
134
134
135
135
137
137
138
138
138
137
139
139
139
139
141
140
141
141
141
143
142
141
144
144
143
143
144
145
145
145
145
146
146
146
147
147
146
147
147
148
149
148
149
150
151
151
151
150
151
152
153
151
151
153
153
154
154
154
154
156
154
155
155
155
156
156
156
157
158
159
158
158
158
159
159
160
160
159
159
159
160
161
160
161
162
162
162
163
163
163
163
163
164
165
165
164
165
166
164
165
165
165
165
167
168
168
168
168
168
168
169
170
169
169
170
169
170
171
171
170
171
171
171
171
172
172
171
173
173
173
173
173
173
173
175
175
175
175
175
174
174
175
176
177
175
177
176
177
177
178
177
176
179
178
178
178
178
179
179
180
180
179
180
181
180
180
181
180
180
180
181
182
181
182
182
181
181
183
182
183
182
183
184
184
184
183
184
185
183
185
184
186
185
185
184
185
186
187
186
186
186
186
187
188
187
187
188
188
188
188
189
189
189
189
188
188
188
189
190
191
190
190
190
190
190
191
191
191
192
192
191
193
193
192
191
193
191
193
193
194
193
194
193
194
194
194
194
194
194
195
196
194
195
195
194
196
196
195
196
195
195
195
196
196
197
196
197
197
197
196
197
198
198
198
198
198
199
197
199
198
199
198
199
200
199
199
199
199
200
199
199
199
200
200
200
201
200
200
201
201
201
201
201
201
201
202
202
201
202
202
203
202
203
203
202
203
203
203
203
202
204
203
203
204
204
204
203
203
204
204
205
203
204
203
205
204
204
204
205
205
205
205
206
206
205
206
205
205
205
206
205
207
206
205
207
206
206
206
207
207
208
208
208
208
207
208
208
208
208
207
209
208
208
208
207
209
208
209
209
208
208
208
209
208
209
210
209
209
209
209
210
209
210
208
210
210
210
210
209
210
210
210
211
211
211
210
211
211
210
212
211
212
211
211
211
211
211
211
211
212
211
212
212
212
212
213
212
212
212
213
213
211
212
211
212
213
213
212
212
213
212
213
213
213
213
214
214
214
214
214
213
214
213
214
214
213
215
214
214
214
215
214
214
213
214
213
214
214
215
215
215
215
214
215
215
215
215
215
215
215
215
215
215
215
216
215
215
217
215
216
216
216
217
217
216
216
216
217
215
216
217
216
217
217
217
216
217
218
217
217
216
218
217
217
217
217
217
217
218
217
217
218
217
217
218
217
218
218
218
219
218
218
218
219
217
217
217
218
218
217
218
217
218
218
219
219
218
218
218
218
217
219
218
220
219
219
219
219
219
220
219
219
219
220
219
219
219
220
219
219
219
218
220
219
219
219
219
219
219
220
219
220
221
219
220
220
220
219
219
219
221
220
221
219
221
220
219
220
219
221
221
221
221
221
220
220
220
220
220
219
221
220
221
220
221
221
221
221
221
221
221
222
222
222
222
220
222
222
221
221
222
221
222
221
221
220
221
222
221
223
221
222
222
220
222
222
221
221
221
221
222
222
222
222
221
223
222
221
222
222
222
221
223
222
221
222
222
222
222
223
222
223
223
223
222
223
222
222
223
223
223
223
223
223
223
222
223
223
223
222
223
222
223
223
223
223
222
222
223
222
221
221
221
220
219
218
218
217
217
215
215
215
213
212
212
212
211
210
209
209
208
208
208
207
207
205
206
206
205
204
203
204
203
201
201
201
199
200
198
198
199
197
198
196
196
195
195
194
194
193
192
193
192
191
192
190
189
189
189
188
188
187
187
187
185
185
185
184
184
184
184
181
183
181
181
181
179
180
180
178
178
177
178
177
177
176
176
175
174
173
174
174
174
173
173
172
172
170
170
170
170
169
169
169
168
167
168
167
166
167
166
165
166
164
164
163
163
164
162
161
162
161
161
160
160
160
160
160
159
158
159
158
158
157
157
157
156
156
155
155
155
154
153
154
153
153
153
153
152
152
151
151
150
149
150
150
149
149
149
149
148
148
148
147
147
146
146
146
146
145
145
144
144
144
144
144
143
144
144
142
141
141
141
140
140
140
140
140
139
139
138
138
139
137
137
137
137
136
136
137
136
136
136
135
136
135
135
134
133
133
133
133
133
131
133
133
132
132
132
130
131
130
131
130
130
128
129
130
128
128
128
127
128
127
126
126
126
126
125
126
126
125
125
125
126
125
124
123
124
124
123
123
121
123
123
122
123
122
122
121
121
121
120
120
120
121
119
120
119
121
118
118
119
119
118
118
118
117
118
117
116
116
117
117
117
116
115
115
115
116
116
115
114
114
115
114
114
114
114
112
113
113
113
113
113
112
111
111
112
112
112
112
111
111
111
111
111
110
111
109
110
109
108
109
109
109
109
108
108
109
107
109
108
108
107
107
106
106
106
106
106
107
106
106
105
106
106
106
104
105
105
104
104
104
104
103
104
103
103
103
104
104
103
102
102
102
102
102
102
101
102
102
101
102
102
101
102
101
101
100
100
100
100
100
100
100
101
100
100
100
100
100
100
99
98
98
98
98
98
97
99
97
97
98
98
98
97
96
96
97
97
97
95
96
96
96
96
96
96
96
96
95
95
95
95
95
94
95
96
94
95
95
95
94
94
94
94
92
93
93
94
93
93
92
93
93
93
92
93
93
92
91
92
92
92
92
92
91
91
91
91
92
92
91
90
90
91
91
90
91
89
89
89
90
90
88
89
90
90
88
89
90
90
90
90
89
89
89
89
88
89
88
88
88
88
88
88
87
88
87
88
87
88
87
87
87
87
87
87
86
87
87
86
87
85
87
86
86
86
86
86
85
86
85
86
85
85
85
85
85
84
84
84
86
84
85
84
84
85
85
85
83
83
84
84
85
84
84
83
84
84
83
84
83
83
82
84
83
83
83
83
82
83
82
82
82
83
82
82
83
81
82
83
82
82
82
82
81
81
82
82
81
82
82
82
82
81
81
81
80
81
80
81
81
81
80
80
80
81
80
80
80
81
80
80
79
79
80
80
79
80
79
80
80
80
79
78
79
80
78
79
80
78
80
80
80
79
78
78
79
79
80
78
78
80
78
78
78
79
80
78
78
79
78
77
78
78
79
78
78
78
79
78
78
78
77
77
78
77
77
77
77
77
78
78
77
76
77
77
77
77
77
77
76
76
77
77
76
76
76
76
76
76
76
77
76
76
76
76
76
77
76
76
75
76
76
76
76
76
76
75
76
75
75
75
75
74
75
75
74
76
75
75
76
75
74
75
74
74
74
75
75
76
74
74
74
74
74
74
74
75
76
74
74
75
73
75
74
73
74
74
74
74
74
74
73
73
75
74
74
73
74
74
74
74
74
74
74
74
73
73
73
74
73
73
72
73
74
73
73
74
74
72
74
74
74
73
73
74
74
73
72
73
72
72
72
73
72
71
72
72
73
72
72
73
73
72
72
72
72
71
73
74
71
73
72
71
72
72
71
72
72
71
72
71
72
71
72
71
72
72
71
71
72
71
71
70
70
72
72
70
72
72
71
72
72
71
72
71
71
71
72
71
71
71
72
71
70
71
70
71
71
71
71
71
71
71
70
70
70
71
71
70
71
71
70
70
70
70
71
69
69
70
71
70
70
71
70
70
70
69
70
69
70
70
70
71
70
70
69
70
71
69
70
69
70
70
70
71
71
69
71
71
70
70
69
69
70
69
69
69
70
69
70
70
70
70
69
69
69
70
69
69
69
70
69
70
69
70
69
70
70
69
70
70
69
69
69
70
68
69
69
69
69
69
69
69
69
68
68
68
70
69
67
69
68
69
70
69
68
70
69
70
69
68
68
68
69
69
69
69
69
69
68
69
67
68
68
68
69
68
68
68
68
69
68
68
68
68
69
69
68
67
68
68
68
68
68
69
69
68
68
69
68
67
69
67
67
67
69
67
69
68
68
67
68
68
68
68
68
68
68
67
68
68
67
68
67
68
68
68
67
69
68
67
68
67
68
68
67
67
68
67
67
68
67
68
67
68
67
67
68
68
67
68
68
67
67
67
67
